0.010, 0.0005, -0.2450
0.020, 0.0010, -0.2585
0.030, 0.0015, -0.2796
0.040, 0.0020, -0.1999
0.050, 0.0025, -0.1674
0.060, 0.0030, -0.2003
0.070, 0.0035, -0.1581
0.080, 0.0040, -0.1346
0.090, 0.0045, -0.1251
0.100, 0.0050, -0.0894
0.110, 0.0055, -0.0107
0.120, 0.0060, -0.0745
0.130, 0.0065, 0.0207
0.140, 0.0070, 0.0123
0.150, 0.0075, -0.1543
0.160, 0.0080, 0.1100
0.170, 0.0085, -0.1184
0.180, 0.0090, 0.0060
0.190, 0.0095, -0.0327
0.200, 0.0100, -0.0012
0.210, 0.0105, 0.0817
0.220, 0.0110, 0.0721
0.230, 0.0115, 0.1587
0.240, 0.0120, 0.0248
0.250, 0.0125, 0.0524
0.260, 0.0130, 0.2112
0.270, 0.0135, 0.1049
0.280, 0.0140, 0.1300
0.290, 0.0145, 0.1780
0.300, 0.0150, 0.2663
0.310, 0.0155, 0.1725
0.320, 0.0160, 0.3140
0.330, 0.0165, 0.1761
0.340, 0.0170, 0.1922
0.350, 0.0175, 0.2271
0.360, 0.0180, 0.2294
0.370, 0.0185, 0.3075
0.380, 0.0190, 0.3258
0.390, 0.0195, 0.2619
0.400, 0.0200, 0.3040
0.410, 0.0205, 0.2272
0.420, 0.0210, 0.2575
0.430, 0.0215, 0.2440
0.440, 0.0220, 0.3803
0.450, 0.0225, 0.3256
0.460, 0.0230, 0.3490
0.470, 0.0235, 0.3319
0.480, 0.0240, 0.2887
0.490, 0.0245, 0.2935
0.500, 0.0250, 0.4150
0.510, 0.0255, 0.2054
0.520, 0.0260, 0.4793
0.530, 0.0265, 0.3751
0.540, 0.0270, 0.5329
0.550, 0.0275, 0.4190
0.560, 0.0280, 0.6144
0.570, 0.0285, 0.6240
0.580, 0.0290, 0.4395
0.590, 0.0295, 0.4571
0.600, 0.0300, 0.5304
0.610, 0.0305, 0.4176
0.620, 0.0310, 0.5521
0.630, 0.0315, 0.5127
0.640, 0.0320, 0.5825
0.650, 0.0325, 0.4392
0.660, 0.0330, 0.4692
0.670, 0.0335, 0.5482
0.680, 0.0340, 0.5227
0.690, 0.0345, 0.5771
0.700, 0.0350, 0.7062
0.710, 0.0355, 0.6768
0.720, 0.0360, 0.6742
0.730, 0.0365, 0.6229
0.740, 0.0370, 0.4157
0.750, 0.0375, 0.5958
0.760, 0.0380, 0.6934
0.770, 0.0385, 0.6216
0.780, 0.0390, 0.6800
0.790, 0.0395, 0.5921
0.800, 0.0400, 0.7257
0.810, 0.0405, 0.7288
0.820, 0.0410, 0.6793
0.830, 0.0415, 0.7128
0.840, 0.0420, 0.6509
0.850, 0.0425, 0.5096
0.860, 0.0430, 0.7522
0.870, 0.0435, 0.7569
0.880, 0.0440, 0.6849
0.890, 0.0445, 0.6407
0.900, 0.0450, 0.8386
0.910, 0.0455, 0.8023
0.920, 0.0460, 0.7963
0.930, 0.0465, 0.7959
0.940, 0.0470, 0.7731
0.950, 0.0475, 0.7903
0.960, 0.0480, 0.8318
0.970, 0.0485, 0.8978
0.980, 0.0490, 0.9086
0.990, 0.0495, 0.8248
1.000, 0.0500, 0.8090
1.010, 0.0505, 1.0252
1.020, 0.0510, 0.7916
1.030, 0.0515, 0.9455
1.040, 0.0520, 0.7875
1.050, 0.0525, 0.9927
1.060, 0.0530, 0.8893
1.070, 0.0535, 0.9475
1.080, 0.0540, 1.0216
1.090, 0.0545, 0.9773
1.100, 0.0550, 0.9751
1.110, 0.0555, 1.0890
1.120, 0.0560, 1.0194
1.130, 0.0565, 0.9906
1.140, 0.0570, 1.1580
1.150, 0.0575, 1.0957
1.160, 0.0580, 1.0545
1.170, 0.0585, 1.0458
1.180, 0.0590, 1.0219
1.190, 0.0595, 1.1185
1.200, 0.0600, 1.0864
1.210, 0.0605, 1.2296
1.220, 0.0610, 1.0253
1.230, 0.0615, 1.1334
1.240, 0.0620, 1.2245
1.250, 0.0625, 1.2298
1.260, 0.0630, 1.1737
1.270, 0.0635, 1.2205
1.280, 0.0640, 1.1693
1.290, 0.0645, 1.2456
1.300, 0.0650, 1.2035
1.310, 0.0655, 0.9824
1.320, 0.0660, 1.1210
1.330, 0.0665, 1.0519
1.340, 0.0670, 1.2106
1.350, 0.0675, 1.2377
1.360, 0.0680, 1.2693
1.370, 0.0685, 1.2861
1.380, 0.0690, 1.3153
1.390, 0.0695, 1.2762
1.400, 0.0700, 1.3718
1.410, 0.0705, 1.3085
1.420, 0.0710, 1.3261
1.430, 0.0715, 1.2896
1.440, 0.0720, 1.2649
1.450, 0.0725, 1.3665
1.460, 0.0730, 1.3905
1.470, 0.0735, 1.3113
1.480, 0.0740, 1.4287
1.490, 0.0745, 1.3506
1.500, 0.0750, 1.4081
1.510, 0.0755, 1.4922
1.520, 0.0760, 1.3972
1.530, 0.0765, 1.4408
1.540, 0.0770, 1.4384
1.550, 0.0775, 1.3666
1.560, 0.0780, 1.4353
1.570, 0.0785, 1.4450
1.580, 0.0790, 1.4668
1.590, 0.0795, 1.5055
1.600, 0.0800, 1.4950
1.610, 0.0805, 1.4980
1.620, 0.0810, 1.4379
1.630, 0.0815, 1.5184
1.640, 0.0820, 1.4800
1.650, 0.0825, 1.5818
1.660, 0.0830, 1.4388
1.670, 0.0835, 1.7364
1.680, 0.0840, 1.6222
1.690, 0.0845, 1.6164
1.700, 0.0850, 1.5710
1.710, 0.0855, 1.6085
1.720, 0.0860, 1.6491
1.730, 0.0865, 1.5482
1.740, 0.0870, 1.7136
1.750, 0.0875, 1.5942
1.760, 0.0880, 1.6068
1.770, 0.0885, 1.6953
1.780, 0.0890, 1.6631
1.790, 0.0895, 1.5052
1.800, 0.0900, 1.6774
1.810, 0.0905, 1.7171
1.820, 0.0910, 1.6027
1.830, 0.0915, 1.7471
1.840, 0.0920, 1.7125
1.850, 0.0925, 1.7428
1.860, 0.0930, 1.7829
1.870, 0.0935, 1.9324
1.880, 0.0940, 1.7618
1.890, 0.0945, 1.7565
1.900, 0.0950, 1.7614
1.910, 0.0955, 1.7724
1.920, 0.0960, 1.6840
1.930, 0.0965, 1.8334
1.940, 0.0970, 1.8219
1.950, 0.0975, 1.7450
1.960, 0.0980, 1.7569
1.970, 0.0985, 1.7873
1.980, 0.0990, 1.7634
1.990, 0.0995, 1.7911
2.000, 0.1000, 1.9125
2.010, 0.1005, 1.8734
2.020, 0.1010, 1.8680
2.030, 0.1015, 1.8540
2.040, 0.1020, 1.9603
2.050, 0.1025, 1.9723
2.060, 0.1030, 1.9593
2.070, 0.1035, 1.9778
2.080, 0.1040, 1.9473
2.090, 0.1045, 2.0261
2.100, 0.1050, 2.0055
2.110, 0.1055, 2.0542
2.120, 0.1060, 2.0102
2.130, 0.1065, 1.9861
2.140, 0.1070, 2.0397
2.150, 0.1075, 2.0248
2.160, 0.1080, 1.9988
2.170, 0.1085, 2.0209
2.180, 0.1090, 2.0927
2.190, 0.1095, 2.0257
2.200, 0.1100, 2.0687
2.210, 0.1105, 2.1639
2.220, 0.1110, 2.1763
2.230, 0.1115, 2.1261
2.240, 0.1120, 2.1526
2.250, 0.1125, 2.0706
2.260, 0.1130, 2.1496
2.270, 0.1135, 2.2035
2.280, 0.1140, 2.2429
2.290, 0.1145, 2.2154
2.300, 0.1150, 2.2012
2.310, 0.1155, 2.1792
2.320, 0.1160, 2.1226
2.330, 0.1165, 2.2750
2.340, 0.1170, 2.1486
2.350, 0.1175, 2.2184
2.360, 0.1180, 2.2678
2.370, 0.1185, 2.2645
2.380, 0.1190, 2.2300
2.390, 0.1195, 2.2889
2.400, 0.1200, 2.2616
2.410, 0.1205, 2.2344
2.420, 0.1210, 2.3393
2.430, 0.1215, 2.2515
2.440, 0.1220, 2.1929
2.450, 0.1225, 2.2026
2.460, 0.1230, 2.2720
2.470, 0.1235, 2.3492
2.480, 0.1240, 2.3001
2.490, 0.1245, 2.4591
2.500, 0.1250, 2.3209
2.510, 0.1255, 2.3133
2.520, 0.1260, 2.4569
2.530, 0.1265, 2.3707
2.540, 0.1270, 2.4119
2.550, 0.1275, 2.4540
2.560, 0.1280, 2.3357
2.570, 0.1285, 2.4362
2.580, 0.1290, 2.4832
2.590, 0.1295, 2.6189
2.600, 0.1300, 2.5678
2.610, 0.1305, 2.3964
2.620, 0.1310, 2.4771
2.630, 0.1315, 2.4687
2.640, 0.1320, 2.4404
2.650, 0.1325, 2.4568
2.660, 0.1330, 2.5075
2.670, 0.1335, 2.3896
2.680, 0.1340, 2.5451
2.690, 0.1345, 2.5343
2.700, 0.1350, 2.5758
2.710, 0.1355, 2.3870
2.720, 0.1360, 2.5522
2.730, 0.1365, 2.5703
2.740, 0.1370, 2.5523
2.750, 0.1375, 2.6352
2.760, 0.1380, 2.5409
2.770, 0.1385, 2.6241
2.780, 0.1390, 2.6012
2.790, 0.1395, 2.7831
2.800, 0.1400, 2.7143
2.810, 0.1405, 2.6012
2.820, 0.1410, 2.6982
2.830, 0.1415, 2.6225
2.840, 0.1420, 2.7650
2.850, 0.1425, 2.7647
2.860, 0.1430, 2.6486
2.870, 0.1435, 2.7558
2.880, 0.1440, 2.7934
2.890, 0.1445, 2.6691
2.900, 0.1450, 2.7446
2.910, 0.1455, 2.7829
2.920, 0.1460, 2.7816
2.930, 0.1465, 2.8998
2.940, 0.1470, 2.7840
2.950, 0.1475, 2.7581
2.960, 0.1480, 2.8700
2.970, 0.1485, 2.8342
2.980, 0.1490, 2.8357
2.990, 0.1495, 2.9047
3.000, 0.1500, 2.9361
3.010, 0.1505, 2.7492
3.020, 0.1510, 2.8366
3.030, 0.1515, 2.8170
3.040, 0.1520, 3.0125
3.050, 0.1525, 2.7967
3.060, 0.1530, 2.8422
3.070, 0.1535, 3.0571
3.080, 0.1540, 2.8548
3.090, 0.1545, 2.9888
3.100, 0.1550, 2.9522
3.110, 0.1555, 3.0476
3.120, 0.1560, 2.9095
3.130, 0.1565, 2.9924
3.140, 0.1570, 3.0529
3.150, 0.1575, 3.0040
3.160, 0.1580, 2.9971
3.170, 0.1585, 3.1486
3.180, 0.1590, 2.9517
3.190, 0.1595, 3.0520
3.200, 0.1600, 3.0217
3.210, 0.1605, 3.0776
3.220, 0.1610, 3.0309
3.230, 0.1615, 3.0856
3.240, 0.1620, 3.0689
3.250, 0.1625, 3.1218
3.260, 0.1630, 3.1129
3.270, 0.1635, 3.0431
3.280, 0.1640, 3.1898
3.290, 0.1645, 3.1313
3.300, 0.1650, 3.0772
3.310, 0.1655, 3.1109
3.320, 0.1660, 3.1619
3.330, 0.1665, 3.2644
3.340, 0.1670, 3.2001
3.350, 0.1675, 3.1484
3.360, 0.1680, 3.2010
3.370, 0.1685, 3.2312
3.380, 0.1690, 3.2471
3.390, 0.1695, 3.2476
3.400, 0.1700, 3.2936
3.410, 0.1705, 3.2365
3.420, 0.1710, 3.2167
3.430, 0.1715, 3.2653
3.440, 0.1720, 3.3026
3.450, 0.1725, 3.3481
3.460, 0.1730, 3.2678
3.470, 0.1735, 3.3699
3.480, 0.1740, 3.2403
3.490, 0.1745, 3.3429
3.500, 0.1750, 3.4383
3.510, 0.1755, 3.2852
3.520, 0.1760, 3.4403
3.530, 0.1765, 3.3099
3.540, 0.1770, 3.4274
3.550, 0.1775, 3.4960
3.560, 0.1780, 3.3680
3.570, 0.1785, 3.4007
3.580, 0.1790, 3.3705
3.590, 0.1795, 3.4538
3.600, 0.1800, 3.4857
3.610, 0.1805, 3.4916
3.620, 0.1810, 3.6392
3.630, 0.1815, 3.5361
3.640, 0.1820, 3.5021
3.650, 0.1825, 3.6537
3.660, 0.1830, 3.5506
3.670, 0.1835, 3.5319
3.680, 0.1840, 3.6255
3.690, 0.1845, 3.4692
3.700, 0.1850, 3.4828
3.710, 0.1855, 3.5289
3.720, 0.1860, 3.5127
3.730, 0.1865, 3.7275
3.740, 0.1870, 3.5916
3.750, 0.1875, 3.6732
3.760, 0.1880, 3.6240
3.770, 0.1885, 3.6793
3.780, 0.1890, 3.6449
3.790, 0.1895, 3.7230
3.800, 0.1900, 3.7268
3.810, 0.1905, 3.6961
3.820, 0.1910, 3.7146
3.830, 0.1915, 3.6966
3.840, 0.1920, 3.7405
3.850, 0.1925, 3.6725
3.860, 0.1930, 3.7605
3.870, 0.1935, 3.7683
3.880, 0.1940, 3.6340
3.890, 0.1945, 3.7406
3.900, 0.1950, 3.8675
3.910, 0.1955, 3.6950
3.920, 0.1960, 3.8032
3.930, 0.1965, 3.8813
3.940, 0.1970, 3.7967
3.950, 0.1975, 3.8314
3.960, 0.1980, 3.8505
3.970, 0.1985, 3.8647
3.980, 0.1990, 3.8302
3.990, 0.1995, 3.9262
4.000, 0.2000, 3.9049
4.010, 0.2005, 3.8570
4.020, 0.2010, 3.8563
4.030, 0.2015, 3.9743
4.040, 0.2020, 3.8570
4.050, 0.2025, 3.8338
4.060, 0.2030, 3.9660
4.070, 0.2035, 3.8862
4.080, 0.2040, 3.9742
4.090, 0.2045, 3.9562
4.100, 0.2050, 3.9634
4.110, 0.2055, 4.0728
4.120, 0.2060, 3.9823
4.130, 0.2065, 3.9717
4.140, 0.2070, 3.9455
4.150, 0.2075, 3.9886
4.160, 0.2080, 3.9605
4.170, 0.2085, 4.0338
4.180, 0.2090, 4.1668
4.190, 0.2095, 4.1056
4.200, 0.2100, 4.0613
4.210, 0.2105, 4.0151
4.220, 0.2110, 4.0619
4.230, 0.2115, 4.0174
4.240, 0.2120, 4.0709
4.250, 0.2125, 4.0746
4.260, 0.2130, 4.1592
4.270, 0.2135, 4.1499
4.280, 0.2140, 4.1840
4.290, 0.2145, 4.2785
4.300, 0.2150, 4.3544
4.310, 0.2155, 4.2251
4.320, 0.2160, 4.1851
4.330, 0.2165, 4.1137
4.340, 0.2170, 4.2036
4.350, 0.2175, 4.2603
4.360, 0.2180, 4.2051
4.370, 0.2185, 4.3202
4.380, 0.2190, 4.1888
4.390, 0.2195, 4.1519
4.400, 0.2200, 4.2976
4.410, 0.2205, 4.1213
4.420, 0.2210, 4.3568
4.430, 0.2215, 4.3024
4.440, 0.2220, 4.1851
4.450, 0.2225, 4.2742
4.460, 0.2230, 4.1890
4.470, 0.2235, 4.3121
4.480, 0.2240, 4.3343
4.490, 0.2245, 4.2956
4.500, 0.2250, 4.3589
4.510, 0.2255, 4.4113
4.520, 0.2260, 4.4030
4.530, 0.2265, 4.4006
4.540, 0.2270, 4.4289
4.550, 0.2275, 4.3870
4.560, 0.2280, 4.3512
4.570, 0.2285, 4.4743
4.580, 0.2290, 4.4739
4.590, 0.2295, 4.4441
4.600, 0.2300, 4.3379
4.610, 0.2305, 4.3742
4.620, 0.2310, 4.5226
4.630, 0.2315, 4.4929
4.640, 0.2320, 4.4142
4.650, 0.2325, 4.4533
4.660, 0.2330, 4.5497
4.670, 0.2335, 4.5634
4.680, 0.2340, 4.5911
4.690, 0.2345, 4.4939
4.700, 0.2350, 4.6490
4.710, 0.2355, 4.4905
4.720, 0.2360, 4.6434
4.730, 0.2365, 4.5486
4.740, 0.2370, 4.6201
4.750, 0.2375, 4.5183
4.760, 0.2380, 4.6644
4.770, 0.2385, 4.6265
4.780, 0.2390, 4.6937
4.790, 0.2395, 4.5238
4.800, 0.2400, 4.6311
4.810, 0.2405, 4.7074
4.820, 0.2410, 4.7575
4.830, 0.2415, 4.7402
4.840, 0.2420, 4.6555
4.850, 0.2425, 4.7375
4.860, 0.2430, 4.7353
4.870, 0.2435, 4.6967
4.880, 0.2440, 4.8205
4.890, 0.2445, 4.7375
4.900, 0.2450, 4.7870
4.910, 0.2455, 4.8055
4.920, 0.2460, 4.7122
4.930, 0.2465, 4.6681
4.940, 0.2470, 4.8127
4.950, 0.2475, 4.7493
4.960, 0.2480, 4.9068
4.970, 0.2485, 4.7403
4.980, 0.2490, 4.8408
4.990, 0.2495, 4.8281
5.000, 0.2500, 4.8331
5.010, 0.2505, 4.8977
5.020, 0.2510, 4.8958
5.030, 0.2515, 4.9743
5.040, 0.2520, 4.8466
5.050, 0.2525, 4.8893
5.060, 0.2530, 4.7660
5.070, 0.2535, 4.9082
5.080, 0.2540, 4.8813
5.090, 0.2545, 4.8647
5.100, 0.2550, 4.8297
5.110, 0.2555, 4.8873
5.120, 0.2560, 5.0479
5.130, 0.2565, 4.9895
5.140, 0.2570, 5.0041
5.150, 0.2575, 4.9578
5.160, 0.2580, 4.9997
5.170, 0.2585, 5.0298
5.180, 0.2590, 4.9753
5.190, 0.2595, 4.9607
5.200, 0.2600, 4.9364
5.210, 0.2605, 5.0558
5.220, 0.2610, 5.0889
5.230, 0.2615, 5.0791
5.240, 0.2620, 5.1545
5.250, 0.2625, 5.1453
5.260, 0.2630, 5.0332
5.270, 0.2635, 5.1043
5.280, 0.2640, 5.1547
5.290, 0.2645, 5.0536
5.300, 0.2650, 5.1212
5.310, 0.2655, 5.2844
5.320, 0.2660, 5.2185
5.330, 0.2665, 5.0590
5.340, 0.2670, 5.0517
5.350, 0.2675, 5.2195
5.360, 0.2680, 5.3735
5.370, 0.2685, 5.2996
5.380, 0.2690, 5.2835
5.390, 0.2695, 5.2989
5.400, 0.2700, 5.2809
5.410, 0.2705, 5.2685
5.420, 0.2710, 5.3565
5.430, 0.2715, 5.4029
5.440, 0.2720, 5.3648
5.450, 0.2725, 5.2982
5.460, 0.2730, 5.3439
5.470, 0.2735, 5.2931
5.480, 0.2740, 5.3690
5.490, 0.2745, 5.3433
5.500, 0.2750, 5.3793
5.510, 0.2755, 5.4200
5.520, 0.2760, 5.4007
5.530, 0.2765, 5.3937
5.540, 0.2770, 5.4863
5.550, 0.2775, 5.4103
5.560, 0.2780, 5.3285
5.570, 0.2785, 5.3848
5.580, 0.2790, 5.4534
5.590, 0.2795, 5.3734
5.600, 0.2800, 5.4549
5.610, 0.2805, 5.4308
5.620, 0.2810, 5.4156
5.630, 0.2815, 5.4286
5.640, 0.2820, 5.4794
5.650, 0.2825, 5.5551
5.660, 0.2830, 5.4101
5.670, 0.2835, 5.4481
5.680, 0.2840, 5.4959
5.690, 0.2845, 5.5766
5.700, 0.2850, 5.4838
5.710, 0.2855, 5.5708
5.720, 0.2860, 5.4179
5.730, 0.2865, 5.5103
5.740, 0.2870, 5.5948
5.750, 0.2875, 5.5972
5.760, 0.2880, 5.5715
5.770, 0.2885, 5.6643
5.780, 0.2890, 5.4971
5.790, 0.2895, 5.5962
5.800, 0.2900, 5.6442
5.810, 0.2905, 5.5571
5.820, 0.2910, 5.6218
5.830, 0.2915, 5.6919
5.840, 0.2920, 5.7145
5.850, 0.2925, 5.6818
5.860, 0.2930, 5.6374
5.870, 0.2935, 5.6727
5.880, 0.2940, 5.6878
5.890, 0.2945, 5.8156
5.900, 0.2950, 5.6814
5.910, 0.2955, 5.6162
5.920, 0.2960, 5.7146
5.930, 0.2965, 5.7668
5.940, 0.2970, 5.8139
5.950, 0.2975, 5.8191
5.960, 0.2980, 5.8240
5.970, 0.2985, 5.7515
5.980, 0.2990, 5.7883
5.990, 0.2995, 5.8020
6.000, 0.3000, 5.8066
6.010, 0.3005, 5.7962
6.020, 0.3010, 5.9258
6.030, 0.3015, 5.9394
6.040, 0.3020, 5.8468
6.050, 0.3025, 5.8411
6.060, 0.3030, 5.9300
6.070, 0.3035, 5.9229
6.080, 0.3040, 5.9274
6.090, 0.3045, 5.9173
6.100, 0.3050, 5.9280
6.110, 0.3055, 6.0983
6.120, 0.3060, 5.9979
6.130, 0.3065, 6.0238
6.140, 0.3070, 5.9398
6.150, 0.3075, 5.9809
6.160, 0.3080, 5.8851
6.170, 0.3085, 5.9503
6.180, 0.3090, 6.0366
6.190, 0.3095, 5.9876
6.200, 0.3100, 5.9855
6.210, 0.3105, 6.1093
6.220, 0.3110, 6.0696
6.230, 0.3115, 6.0685
6.240, 0.3120, 6.1771
6.250, 0.3125, 6.1345
6.260, 0.3130, 6.0490
6.270, 0.3135, 6.1790
6.280, 0.3140, 6.0565
6.290, 0.3145, 6.1631
6.300, 0.3150, 6.0507
6.310, 0.3155, 6.1626
6.320, 0.3160, 6.1721
6.330, 0.3165, 6.2478
6.340, 0.3170, 6.1661
6.350, 0.3175, 6.1961
6.360, 0.3180, 6.1565
6.370, 0.3185, 6.1870
6.380, 0.3190, 6.1963
6.390, 0.3195, 6.2149
6.400, 0.3200, 6.1669
6.410, 0.3205, 6.2337
6.420, 0.3210, 6.1880
6.430, 0.3215, 6.3720
6.440, 0.3220, 6.2856
6.450, 0.3225, 6.2294
6.460, 0.3230, 6.2446
6.470, 0.3235, 6.3600
6.480, 0.3240, 6.4005
6.490, 0.3245, 6.2956
6.500, 0.3250, 6.4167
6.510, 0.3255, 6.3042
6.520, 0.3260, 6.3047
6.530, 0.3265, 6.3587
6.540, 0.3270, 6.4034
6.550, 0.3275, 6.3826
6.560, 0.3280, 6.4487
6.570, 0.3285, 6.3972
6.580, 0.3290, 6.4312
6.590, 0.3295, 6.3489
6.600, 0.3300, 6.4566
6.610, 0.3305, 6.4450
6.620, 0.3310, 6.4634
6.630, 0.3315, 6.4829
6.640, 0.3320, 6.4755
6.650, 0.3325, 6.4736
6.660, 0.3330, 6.5630
6.670, 0.3335, 6.5096
6.680, 0.3340, 6.6276
6.690, 0.3345, 6.5153
6.700, 0.3350, 6.4830
6.710, 0.3355, 6.5428
6.720, 0.3360, 6.5956
6.730, 0.3365, 6.5371
6.740, 0.3370, 6.5760
6.750, 0.3375, 6.5803
6.760, 0.3380, 6.6341
6.770, 0.3385, 6.6403
6.780, 0.3390, 6.6158
6.790, 0.3395, 6.6996
6.800, 0.3400, 6.8202
6.810, 0.3405, 6.7191
6.820, 0.3410, 6.7120
6.830, 0.3415, 6.6802
6.840, 0.3420, 6.8036
6.850, 0.3425, 6.6720
6.860, 0.3430, 6.7112
6.870, 0.3435, 6.8032
6.880, 0.3440, 6.6333
6.890, 0.3445, 6.7034
6.900, 0.3450, 6.7326
6.910, 0.3455, 6.8000
6.920, 0.3460, 6.8743
6.930, 0.3465, 6.7818
6.940, 0.3470, 6.6947
6.950, 0.3475, 6.7749
6.960, 0.3480, 6.7411
6.970, 0.3485, 6.7948
6.980, 0.3490, 6.8186
6.990, 0.3495, 6.8724
7.000, 0.3500, 6.8897
7.010, 0.3505, 6.8665
7.020, 0.3510, 6.8494
7.030, 0.3515, 6.8005
7.040, 0.3520, 7.0054
7.050, 0.3525, 6.8305
7.060, 0.3530, 6.7796
7.070, 0.3535, 6.8996
7.080, 0.3540, 6.8725
7.090, 0.3545, 6.9346
7.100, 0.3550, 6.9990
7.110, 0.3555, 6.8143
7.120, 0.3560, 6.9493
7.130, 0.3565, 7.0328
7.140, 0.3570, 6.8972
7.150, 0.3575, 7.0331
7.160, 0.3580, 7.0687
7.170, 0.3585, 7.0348
7.180, 0.3590, 6.9925
7.190, 0.3595, 6.9302
7.200, 0.3600, 7.1714
7.210, 0.3605, 7.0514
7.220, 0.3610, 7.0787
7.230, 0.3615, 7.0996
7.240, 0.3620, 7.1624
7.250, 0.3625, 7.0968
7.260, 0.3630, 7.1796
7.270, 0.3635, 7.1214
7.280, 0.3640, 7.2582
7.290, 0.3645, 7.1397
7.300, 0.3650, 7.1072
7.310, 0.3655, 7.1569
7.320, 0.3660, 7.1332
7.330, 0.3665, 7.1474
7.340, 0.3670, 7.1792
7.350, 0.3675, 7.2069
7.360, 0.3680, 7.2516
7.370, 0.3685, 7.3046
7.380, 0.3690, 7.2189
7.390, 0.3695, 7.1437
7.400, 0.3700, 7.2294
7.410, 0.3705, 7.1838
7.420, 0.3710, 7.3344
7.430, 0.3715, 7.2962
7.440, 0.3720, 7.3086
7.450, 0.3725, 7.2132
7.460, 0.3730, 7.2495
7.470, 0.3735, 7.2987
7.480, 0.3740, 7.2750
7.490, 0.3745, 7.3914
7.500, 0.3750, 7.2974
7.510, 0.3755, 7.3193
7.520, 0.3760, 7.4204
7.530, 0.3765, 7.3632
7.540, 0.3770, 7.3763
7.550, 0.3775, 7.4333
7.560, 0.3780, 7.4075
7.570, 0.3785, 7.2622
7.580, 0.3790, 7.4122
7.590, 0.3795, 7.4821
7.600, 0.3800, 7.3782
7.610, 0.3805, 7.4536
7.620, 0.3810, 7.4363
7.630, 0.3815, 7.6254
7.640, 0.3820, 7.5057
7.650, 0.3825, 7.5297
7.660, 0.3830, 7.5231
7.670, 0.3835, 7.5097
7.680, 0.3840, 7.4694
7.690, 0.3845, 7.4906
7.700, 0.3850, 7.4487
7.710, 0.3855, 7.5025
7.720, 0.3860, 7.5243
7.730, 0.3865, 7.6838
7.740, 0.3870, 7.6444
7.750, 0.3875, 7.5208
7.760, 0.3880, 7.6487
7.770, 0.3885, 7.6817
7.780, 0.3890, 7.5586
7.790, 0.3895, 7.8018
7.800, 0.3900, 7.6144
7.810, 0.3905, 7.6173
7.820, 0.3910, 7.6668
7.830, 0.3915, 7.7240
7.840, 0.3920, 7.7160
7.850, 0.3925, 7.6308
7.860, 0.3930, 7.7422
7.870, 0.3935, 7.7365
7.880, 0.3940, 7.7582
7.890, 0.3945, 7.6928
7.900, 0.3950, 7.6137
7.910, 0.3955, 7.7417
7.920, 0.3960, 7.7083
7.930, 0.3965, 7.8702
7.940, 0.3970, 7.8111
7.950, 0.3975, 7.8915
7.960, 0.3980, 7.8148
7.970, 0.3985, 7.7233
7.980, 0.3990, 7.8881
7.990, 0.3995, 7.6197
8.000, 0.4000, 7.8187
8.010, 0.4005, 7.8936
8.020, 0.4010, 7.8911
8.030, 0.4015, 7.8336
8.040, 0.4020, 7.8493
8.050, 0.4025, 7.8146
8.060, 0.4030, 7.9933
8.070, 0.4035, 7.9540
8.080, 0.4040, 7.8943
8.090, 0.4045, 7.9023
8.100, 0.4050, 7.8102
8.110, 0.4055, 7.9589
8.120, 0.4060, 7.9920
8.130, 0.4065, 7.9187
8.140, 0.4070, 8.0000
8.150, 0.4075, 7.9872
8.160, 0.4080, 8.0426
8.170, 0.4085, 7.9933
8.180, 0.4090, 8.0132
8.190, 0.4095, 7.9703
8.200, 0.4100, 7.9801
8.210, 0.4105, 8.0191
8.220, 0.4110, 7.9588
8.230, 0.4115, 8.0185
8.240, 0.4120, 8.0610
8.250, 0.4125, 8.1188
8.260, 0.4130, 8.1430
8.270, 0.4135, 8.1028
8.280, 0.4140, 8.1739
8.290, 0.4145, 8.1828
8.300, 0.4150, 8.1119
8.310, 0.4155, 8.1237
8.320, 0.4160, 8.1280
8.330, 0.4165, 8.1202
8.340, 0.4170, 8.1489
8.350, 0.4175, 8.1740
8.360, 0.4180, 8.1700
8.370, 0.4185, 8.2250
8.380, 0.4190, 8.1371
8.390, 0.4195, 8.2034
8.400, 0.4200, 8.1707
8.410, 0.4205, 8.1960
8.420, 0.4210, 8.1712
8.430, 0.4215, 8.3051
8.440, 0.4220, 8.3364
8.450, 0.4225, 8.1466
8.460, 0.4230, 8.2626
8.470, 0.4235, 8.2681
8.480, 0.4240, 8.2115
8.490, 0.4245, 8.2786
8.500, 0.4250, 8.3178
8.510, 0.4255, 8.2852
8.520, 0.4260, 8.3060
8.530, 0.4265, 8.2626
8.540, 0.4270, 8.3168
8.550, 0.4275, 8.3405
8.560, 0.4280, 8.4507
8.570, 0.4285, 8.4595
8.580, 0.4290, 8.3606
8.590, 0.4295, 8.2556
8.600, 0.4300, 8.4168
8.610, 0.4305, 8.4115
8.620, 0.4310, 8.3958
8.630, 0.4315, 8.3297
8.640, 0.4320, 8.4973
8.650, 0.4325, 8.5030
8.660, 0.4330, 8.5321
8.670, 0.4335, 8.4513
8.680, 0.4340, 8.5623
8.690, 0.4345, 8.4862
8.700, 0.4350, 8.4810
8.710, 0.4355, 8.5441
8.720, 0.4360, 8.5630
8.730, 0.4365, 8.6355
8.740, 0.4370, 8.5162
8.750, 0.4375, 8.5210
8.760, 0.4380, 8.5485
8.770, 0.4385, 8.5683
8.780, 0.4390, 8.5523
8.790, 0.4395, 8.6353
8.800, 0.4400, 8.5620
8.810, 0.4405, 8.5884
8.820, 0.4410, 8.7189
8.830, 0.4415, 8.5808
8.840, 0.4420, 8.6917
8.850, 0.4425, 8.6716
8.860, 0.4430, 8.6465
8.870, 0.4435, 8.6754
8.880, 0.4440, 8.6762
8.890, 0.4445, 8.6846
8.900, 0.4450, 8.6979
8.910, 0.4455, 8.6931
8.920, 0.4460, 8.7843
8.930, 0.4465, 8.8052
8.940, 0.4470, 8.7810
8.950, 0.4475, 8.6334
8.960, 0.4480, 8.8341
8.970, 0.4485, 8.7329
8.980, 0.4490, 8.7640
8.990, 0.4495, 8.8230
9.000, 0.4500, 8.7121
9.010, 0.4505, 8.7958
9.020, 0.4510, 8.9249
9.030, 0.4515, 8.8088
9.040, 0.4520, 8.8439
9.050, 0.4525, 8.8074
9.060, 0.4530, 8.7816
9.070, 0.4535, 8.9479
9.080, 0.4540, 8.8783
9.090, 0.4545, 8.8789
9.100, 0.4550, 8.9216
9.110, 0.4555, 8.9238
9.120, 0.4560, 8.9673
9.130, 0.4565, 8.9486
9.140, 0.4570, 8.9128
9.150, 0.4575, 9.1227
9.160, 0.4580, 8.9501
9.170, 0.4585, 8.9541
9.180, 0.4590, 9.0089
9.190, 0.4595, 8.9697
9.200, 0.4600, 8.9997
9.210, 0.4605, 9.0057
9.220, 0.4610, 9.1228
9.230, 0.4615, 8.9449
9.240, 0.4620, 9.1092
9.250, 0.4625, 8.9630
9.260, 0.4630, 9.0872
9.270, 0.4635, 9.0647
9.280, 0.4640, 9.1508
9.290, 0.4645, 9.1730
9.300, 0.4650, 9.1724
9.310, 0.4655, 9.1153
9.320, 0.4660, 9.1093
9.330, 0.4665, 9.2115
9.340, 0.4670, 9.1730
9.350, 0.4675, 9.2594
9.360, 0.4680, 9.1847
9.370, 0.4685, 9.2346
9.380, 0.4690, 9.3090
9.390, 0.4695, 9.1647
9.400, 0.4700, 9.1398
9.410, 0.4705, 9.3026
9.420, 0.4710, 9.1963
9.430, 0.4715, 9.2724
9.440, 0.4720, 9.3215
9.450, 0.4725, 9.2329
9.460, 0.4730, 9.2758
9.470, 0.4735, 9.2839
9.480, 0.4740, 9.3770
9.490, 0.4745, 9.2566
9.500, 0.4750, 9.4065
9.510, 0.4755, 9.4046
9.520, 0.4760, 9.3825
9.530, 0.4765, 9.4029
9.540, 0.4770, 9.2992
9.550, 0.4775, 9.3757
9.560, 0.4780, 9.4065
9.570, 0.4785, 9.4191
9.580, 0.4790, 9.5246
9.590, 0.4795, 9.4107
9.600, 0.4800, 9.4460
9.610, 0.4805, 9.4911
9.620, 0.4810, 9.4024
9.630, 0.4815, 9.3429
9.640, 0.4820, 9.4863
9.650, 0.4825, 9.4261
9.660, 0.4830, 9.4716
9.670, 0.4835, 9.5289
9.680, 0.4840, 9.5183
9.690, 0.4845, 9.5502
9.700, 0.4850, 9.5180
9.710, 0.4855, 9.5404
9.720, 0.4860, 9.5635
9.730, 0.4865, 9.6193
9.740, 0.4870, 9.5695
9.750, 0.4875, 9.6092
9.760, 0.4880, 9.6176
9.770, 0.4885, 9.4925
9.780, 0.4890, 9.5777
9.790, 0.4895, 9.5713
9.800, 0.4900, 9.6192
9.810, 0.4905, 9.6673
9.820, 0.4910, 9.6369
9.830, 0.4915, 9.6275
9.840, 0.4920, 9.6514
9.850, 0.4925, 9.5572
9.860, 0.4930, 9.6140
9.870, 0.4935, 9.6976
9.880, 0.4940, 9.7097
9.890, 0.4945, 9.6586
9.900, 0.4950, 9.6268
9.910, 0.4955, 9.6852
9.920, 0.4960, 9.7862
9.930, 0.4965, 9.7588
9.940, 0.4970, 9.8396
9.950, 0.4975, 9.7663
9.960, 0.4980, 9.7614
9.970, 0.4985, 9.8273
9.980, 0.4990, 9.7745
9.990, 0.4995, 9.8200
10.000, 0.5000, 9.9482
10.010, 0.4995, 9.9220
10.020, 0.4990, 9.7996
10.030, 0.4985, 9.8511
10.040, 0.4980, 9.7976
10.050, 0.4975, 9.8181
10.060, 0.4970, 9.8772
10.070, 0.4965, 9.6830
10.080, 0.4960, 9.8190
10.090, 0.4955, 9.6625
10.100, 0.4950, 9.6043
10.110, 0.4945, 9.6007
10.120, 0.4940, 9.7048
10.130, 0.4935, 9.7049
10.140, 0.4930, 9.6700
10.150, 0.4925, 9.5725
10.160, 0.4920, 9.7475
10.170, 0.4915, 9.5699
10.180, 0.4910, 9.7284
10.190, 0.4905, 9.6193
10.200, 0.4900, 9.5121
10.210, 0.4895, 9.5608
10.220, 0.4890, 9.6048
10.230, 0.4885, 9.5281
10.240, 0.4880, 9.5814
10.250, 0.4875, 9.5200
10.260, 0.4870, 9.5351
10.270, 0.4865, 9.5794
10.280, 0.4860, 9.5510
10.290, 0.4855, 9.5194
10.300, 0.4850, 9.5161
10.310, 0.4845, 9.5328
10.320, 0.4840, 9.5746
10.330, 0.4835, 9.5456
10.340, 0.4830, 9.5291
10.350, 0.4825, 9.4427
10.360, 0.4820, 9.4385
10.370, 0.4815, 9.3540
10.380, 0.4810, 9.3694
10.390, 0.4805, 9.3122
10.400, 0.4800, 9.4835
10.410, 0.4795, 9.4676
10.420, 0.4790, 9.2307
10.430, 0.4785, 9.3940
10.440, 0.4780, 9.4300
10.450, 0.4775, 9.4199
10.460, 0.4770, 9.4168
10.470, 0.4765, 9.4069
10.480, 0.4760, 9.1901
10.490, 0.4755, 9.4520
10.500, 0.4750, 9.3301
10.510, 0.4745, 9.2275
10.520, 0.4740, 9.2833
10.530, 0.4735, 9.2707
10.540, 0.4730, 9.2372
10.550, 0.4725, 9.3099
10.560, 0.4720, 9.2848
10.570, 0.4715, 9.1567
10.580, 0.4710, 9.2684
10.590, 0.4705, 9.1788
10.600, 0.4700, 9.1867
10.610, 0.4695, 9.2821
10.620, 0.4690, 9.2547
10.630, 0.4685, 9.1988
10.640, 0.4680, 9.1388
10.650, 0.4675, 9.1736
10.660, 0.4670, 9.1037
10.670, 0.4665, 9.1476
10.680, 0.4660, 9.1350
10.690, 0.4655, 9.1885
10.700, 0.4650, 9.0941
10.710, 0.4645, 9.0625
10.720, 0.4640, 9.0897
10.730, 0.4635, 9.0219
10.740, 0.4630, 9.0419
10.750, 0.4625, 9.0114
10.760, 0.4620, 9.0701
10.770, 0.4615, 9.0834
10.780, 0.4610, 9.0961
10.790, 0.4605, 8.9539
10.800, 0.4600, 9.0231
10.810, 0.4595, 8.9760
10.820, 0.4590, 9.0536
10.830, 0.4585, 8.9893
10.840, 0.4580, 8.9981
10.850, 0.4575, 9.0127
10.860, 0.4570, 8.9917
10.870, 0.4565, 8.9354
10.880, 0.4560, 8.9174
10.890, 0.4555, 8.8700
10.900, 0.4550, 9.0839
10.910, 0.4545, 8.9681
10.920, 0.4540, 8.8344
10.930, 0.4535, 8.8335
10.940, 0.4530, 8.8956
10.950, 0.4525, 8.8516
10.960, 0.4520, 8.8563
10.970, 0.4515, 8.6414
10.980, 0.4510, 8.9004
10.990, 0.4505, 8.9116
11.000, 0.4500, 8.9556
11.010, 0.4495, 8.8425
11.020, 0.4490, 8.8555
11.030, 0.4485, 8.7559
11.040, 0.4480, 8.6513
11.050, 0.4475, 8.8457
11.060, 0.4470, 8.7558
11.070, 0.4465, 8.7031
11.080, 0.4460, 8.6871
11.090, 0.4455, 8.8855
11.100, 0.4450, 8.8659
11.110, 0.4445, 8.6554
11.120, 0.4440, 8.7975
11.130, 0.4435, 8.7177
11.140, 0.4430, 8.6221
11.150, 0.4425, 8.6981
11.160, 0.4420, 8.7391
11.170, 0.4415, 8.7248
11.180, 0.4410, 8.6697
11.190, 0.4405, 8.6264
11.200, 0.4400, 8.5846
11.210, 0.4395, 8.6344
11.220, 0.4390, 8.5858
11.230, 0.4385, 8.6417
11.240, 0.4380, 8.6368
11.250, 0.4375, 8.5562
11.260, 0.4370, 8.4106
11.270, 0.4365, 8.4672
11.280, 0.4360, 8.5764
11.290, 0.4355, 8.5436
11.300, 0.4350, 8.3559
11.310, 0.4345, 8.5581
11.320, 0.4340, 8.3061
11.330, 0.4335, 8.5213
11.340, 0.4330, 8.5511
11.350, 0.4325, 8.5085
11.360, 0.4320, 8.5068
11.370, 0.4315, 8.4624
11.380, 0.4310, 8.4025
11.390, 0.4305, 8.3920
11.400, 0.4300, 8.4486
11.410, 0.4295, 8.4684
11.420, 0.4290, 8.4283
11.430, 0.4285, 8.3876
11.440, 0.4280, 8.4122
11.450, 0.4275, 8.4718
11.460, 0.4270, 8.2247
11.470, 0.4265, 8.3723
11.480, 0.4260, 8.3218
11.490, 0.4255, 8.3435
11.500, 0.4250, 8.2834
11.510, 0.4245, 8.1457
11.520, 0.4240, 8.1973
11.530, 0.4235, 8.3065
11.540, 0.4230, 8.2729
11.550, 0.4225, 8.2260
11.560, 0.4220, 8.2906
11.570, 0.4215, 8.2372
11.580, 0.4210, 8.2176
11.590, 0.4205, 8.2485
11.600, 0.4200, 8.1928
11.610, 0.4195, 8.2389
11.620, 0.4190, 8.2130
11.630, 0.4185, 8.2593
11.640, 0.4180, 8.2291
11.650, 0.4175, 8.2054
11.660, 0.4170, 8.1234
11.670, 0.4165, 8.1616
11.680, 0.4160, 8.0798
11.690, 0.4155, 8.1578
11.700, 0.4150, 8.0988
11.710, 0.4145, 8.0482
11.720, 0.4140, 8.2296
11.730, 0.4135, 8.1503
11.740, 0.4130, 8.0954
11.750, 0.4125, 8.0438
11.760, 0.4120, 8.0980
11.770, 0.4115, 8.0653
11.780, 0.4110, 8.0577
11.790, 0.4105, 8.0412
11.800, 0.4100, 8.1267
11.810, 0.4095, 7.9432
11.820, 0.4090, 8.0299
11.830, 0.4085, 7.9640
11.840, 0.4080, 7.8865
11.850, 0.4075, 8.0351
11.860, 0.4070, 7.9452
11.870, 0.4065, 7.9552
11.880, 0.4060, 7.9534
11.890, 0.4055, 7.8482
11.900, 0.4050, 7.9509
11.910, 0.4045, 7.9656
11.920, 0.4040, 7.8024
11.930, 0.4035, 7.9043
11.940, 0.4030, 7.9159
11.950, 0.4025, 7.8283
11.960, 0.4020, 7.8142
11.970, 0.4015, 7.8583
11.980, 0.4010, 7.8968
11.990, 0.4005, 7.8119
12.000, 0.4000, 7.9252
12.010, 0.3995, 7.8802
12.020, 0.3990, 7.8513
12.030, 0.3985, 7.7807
12.040, 0.3980, 7.7713
12.050, 0.3975, 7.7959
12.060, 0.3970, 7.7431
12.070, 0.3965, 7.7241
12.080, 0.3960, 7.7652
12.090, 0.3955, 7.7455
12.100, 0.3950, 7.7967
12.110, 0.3945, 7.8625
12.120, 0.3940, 7.7115
12.130, 0.3935, 7.7940
12.140, 0.3930, 7.7833
12.150, 0.3925, 7.6984
12.160, 0.3920, 7.6270
12.170, 0.3915, 7.7304
12.180, 0.3910, 7.6074
12.190, 0.3905, 7.6475
12.200, 0.3900, 7.7207
12.210, 0.3895, 7.6609
12.220, 0.3890, 7.5849
12.230, 0.3885, 7.5309
12.240, 0.3880, 7.5685
12.250, 0.3875, 7.5706
12.260, 0.3870, 7.5195
12.270, 0.3865, 7.5468
12.280, 0.3860, 7.4895
12.290, 0.3855, 7.4480
12.300, 0.3850, 7.4307
12.310, 0.3845, 7.5002
12.320, 0.3840, 7.5342
12.330, 0.3835, 7.5664
12.340, 0.3830, 7.4776
12.350, 0.3825, 7.4601
12.360, 0.3820, 7.4942
12.370, 0.3815, 7.4168
12.380, 0.3810, 7.4408
12.390, 0.3805, 7.4850
12.400, 0.3800, 7.3628
12.410, 0.3795, 7.4824
12.420, 0.3790, 7.3293
12.430, 0.3785, 7.3292
12.440, 0.3780, 7.3186
12.450, 0.3775, 7.3060
12.460, 0.3770, 7.3607
12.470, 0.3765, 7.3398
12.480, 0.3760, 7.3090
12.490, 0.3755, 7.2289
12.500, 0.3750, 7.4242
12.510, 0.3745, 7.3615
12.520, 0.3740, 7.4577
12.530, 0.3735, 7.3274
12.540, 0.3730, 7.4221
12.550, 0.3725, 7.3115
12.560, 0.3720, 7.3520
12.570, 0.3715, 7.2755
12.580, 0.3710, 7.1621
12.590, 0.3705, 7.3139
12.600, 0.3700, 7.2149
12.610, 0.3695, 7.2487
12.620, 0.3690, 7.1542
12.630, 0.3685, 7.2804
12.640, 0.3680, 7.1248
12.650, 0.3675, 7.1912
12.660, 0.3670, 7.2940
12.670, 0.3665, 7.1959
12.680, 0.3660, 7.2976
12.690, 0.3655, 7.1735
12.700, 0.3650, 7.1675
12.710, 0.3645, 7.0968
12.720, 0.3640, 7.1445
12.730, 0.3635, 7.1057
12.740, 0.3630, 7.1646
12.750, 0.3625, 7.1032
12.760, 0.3620, 7.0630
12.770, 0.3615, 7.0283
12.780, 0.3610, 7.0714
12.790, 0.3605, 7.0332
12.800, 0.3600, 7.0528
12.810, 0.3595, 6.9342
12.820, 0.3590, 7.0844
12.830, 0.3585, 7.1223
12.840, 0.3580, 6.9858
12.850, 0.3575, 6.9468
12.860, 0.3570, 6.9654
12.870, 0.3565, 7.1700
12.880, 0.3560, 6.9292
12.890, 0.3555, 6.8964
12.900, 0.3550, 6.8594
12.910, 0.3545, 6.9668
12.920, 0.3540, 7.0087
12.930, 0.3535, 6.8068
12.940, 0.3530, 6.9711
12.950, 0.3525, 6.8947
12.960, 0.3520, 6.8973
12.970, 0.3515, 6.9036
12.980, 0.3510, 6.8778
12.990, 0.3505, 6.8713
13.000, 0.3500, 6.8205
13.010, 0.3495, 6.8225
13.020, 0.3490, 6.8295
13.030, 0.3485, 6.9042
13.040, 0.3480, 6.9207
13.050, 0.3475, 6.7334
13.060, 0.3470, 6.7340
13.070, 0.3465, 6.7883
13.080, 0.3460, 6.8244
13.090, 0.3455, 6.7780
13.100, 0.3450, 6.6913
13.110, 0.3445, 6.7150
13.120, 0.3440, 6.8366
13.130, 0.3435, 6.7385
13.140, 0.3430, 6.6643
13.150, 0.3425, 6.7703
13.160, 0.3420, 6.6142
13.170, 0.3415, 6.6598
13.180, 0.3410, 6.6813
13.190, 0.3405, 6.7183
13.200, 0.3400, 6.6113
13.210, 0.3395, 6.6158
13.220, 0.3390, 6.6502
13.230, 0.3385, 6.6482
13.240, 0.3380, 6.6032
13.250, 0.3375, 6.6120
13.260, 0.3370, 6.6474
13.270, 0.3365, 6.5647
13.280, 0.3360, 6.6649
13.290, 0.3355, 6.5311
13.300, 0.3350, 6.5828
13.310, 0.3345, 6.5735
13.320, 0.3340, 6.4214
13.330, 0.3335, 6.5297
13.340, 0.3330, 6.3884
13.350, 0.3325, 6.5190
13.360, 0.3320, 6.5405
13.370, 0.3315, 6.4620
13.380, 0.3310, 6.5266
13.390, 0.3305, 6.5059
13.400, 0.3300, 6.4938
13.410, 0.3295, 6.4781
13.420, 0.3290, 6.4606
13.430, 0.3285, 6.4492
13.440, 0.3280, 6.3044
13.450, 0.3275, 6.3981
13.460, 0.3270, 6.2558
13.470, 0.3265, 6.4812
13.480, 0.3260, 6.2977
13.490, 0.3255, 6.3549
13.500, 0.3250, 6.3745
13.510, 0.3245, 6.3481
13.520, 0.3240, 6.3634
13.530, 0.3235, 6.4263
13.540, 0.3230, 6.4153
13.550, 0.3225, 6.2528
13.560, 0.3220, 6.2409
13.570, 0.3215, 6.2807
13.580, 0.3210, 6.1736
13.590, 0.3205, 6.2093
13.600, 0.3200, 6.2825
13.610, 0.3195, 6.2725
13.620, 0.3190, 6.1465
13.630, 0.3185, 6.1421
13.640, 0.3180, 6.1998
13.650, 0.3175, 6.0999
13.660, 0.3170, 6.1641
13.670, 0.3165, 6.2484
13.680, 0.3160, 6.2425
13.690, 0.3155, 6.0681
13.700, 0.3150, 6.0966
13.710, 0.3145, 6.2010
13.720, 0.3140, 6.1927
13.730, 0.3135, 6.0770
13.740, 0.3130, 6.1780
13.750, 0.3125, 6.0946
13.760, 0.3120, 6.0630
13.770, 0.3115, 6.1391
13.780, 0.3110, 6.0738
13.790, 0.3105, 5.9445
13.800, 0.3100, 6.0824
13.810, 0.3095, 6.0641
13.820, 0.3090, 6.0818
13.830, 0.3085, 6.0644
13.840, 0.3080, 6.0367
13.850, 0.3075, 6.0497
13.860, 0.3070, 5.9038
13.870, 0.3065, 5.9719
13.880, 0.3060, 6.0235
13.890, 0.3055, 5.8849
13.900, 0.3050, 5.9642
13.910, 0.3045, 5.9042
13.920, 0.3040, 5.9699
13.930, 0.3035, 5.8528
13.940, 0.3030, 5.8790
13.950, 0.3025, 5.8397
13.960, 0.3020, 5.9212
13.970, 0.3015, 6.0135
13.980, 0.3010, 5.8526
13.990, 0.3005, 5.8594
14.000, 0.3000, 5.7701
14.010, 0.2995, 5.9127
14.020, 0.2990, 5.9500
14.030, 0.2985, 5.7884
14.040, 0.2980, 5.7771
14.050, 0.2975, 5.8301
14.060, 0.2970, 5.8201
14.070, 0.2965, 5.8712
14.080, 0.2960, 5.8027
14.090, 0.2955, 5.7429
14.100, 0.2950, 5.6816
14.110, 0.2945, 5.8000
14.120, 0.2940, 5.6197
14.130, 0.2935, 5.6422
14.140, 0.2930, 5.7193
14.150, 0.2925, 5.6854
14.160, 0.2920, 5.7206
14.170, 0.2915, 5.6301
14.180, 0.2910, 5.6827
14.190, 0.2905, 5.6871
14.200, 0.2900, 5.6590
14.210, 0.2895, 5.7123
14.220, 0.2890, 5.6492
14.230, 0.2885, 5.5817
14.240, 0.2880, 5.6319
14.250, 0.2875, 5.4886
14.260, 0.2870, 5.4045
14.270, 0.2865, 5.4377
14.280, 0.2860, 5.6475
14.290, 0.2855, 5.4921
14.300, 0.2850, 5.5503
14.310, 0.2845, 5.5429
14.320, 0.2840, 5.5379
14.330, 0.2835, 5.5742
14.340, 0.2830, 5.5384
14.350, 0.2825, 5.5148
14.360, 0.2820, 5.4993
14.370, 0.2815, 5.4459
14.380, 0.2810, 5.3663
14.390, 0.2805, 5.5962
14.400, 0.2800, 5.3559
14.410, 0.2795, 5.4223
14.420, 0.2790, 5.5153
14.430, 0.2785, 5.2583
14.440, 0.2780, 5.3689
14.450, 0.2775, 5.4118
14.460, 0.2770, 5.4565
14.470, 0.2765, 5.3195
14.480, 0.2760, 5.3330
14.490, 0.2755, 5.4233
14.500, 0.2750, 5.3406
14.510, 0.2745, 5.4013
14.520, 0.2740, 5.2375
14.530, 0.2735, 5.3200
14.540, 0.2730, 5.3594
14.550, 0.2725, 5.3129
14.560, 0.2720, 5.1732
14.570, 0.2715, 5.2926
14.580, 0.2710, 5.2606
14.590, 0.2705, 5.3491
14.600, 0.2700, 5.2671
14.610, 0.2695, 5.2484
14.620, 0.2690, 5.2002
14.630, 0.2685, 5.2857
14.640, 0.2680, 5.1860
14.650, 0.2675, 5.2215
14.660, 0.2670, 5.1986
14.670, 0.2665, 5.1387
14.680, 0.2660, 5.1594
14.690, 0.2655, 5.1605
14.700, 0.2650, 5.1605
14.710, 0.2645, 5.0671
14.720, 0.2640, 5.1494
14.730, 0.2635, 5.1481
14.740, 0.2630, 5.1731
14.750, 0.2625, 5.1288
14.760, 0.2620, 5.1203
14.770, 0.2615, 5.2120
14.780, 0.2610, 5.0628
14.790, 0.2605, 5.0816
14.800, 0.2600, 5.0545
14.810, 0.2595, 5.0699
14.820, 0.2590, 5.0464
14.830, 0.2585, 5.0112
14.840, 0.2580, 5.0598
14.850, 0.2575, 4.9673
14.860, 0.2570, 5.0095
14.870, 0.2565, 5.0869
14.880, 0.2560, 4.9882
14.890, 0.2555, 4.9692
14.900, 0.2550, 5.0298
14.910, 0.2545, 4.9058
14.920, 0.2540, 4.9564
14.930, 0.2535, 4.8593
14.940, 0.2530, 4.8899
14.950, 0.2525, 4.9432
14.960, 0.2520, 4.8803
14.970, 0.2515, 4.9757
14.980, 0.2510, 4.8416
14.990, 0.2505, 4.7676
15.000, 0.2500, 4.7875
15.010, 0.2495, 4.8971
15.020, 0.2490, 4.8027
15.030, 0.2485, 4.7436
15.040, 0.2480, 4.8233
15.050, 0.2475, 4.8217
15.060, 0.2470, 4.8933
15.070, 0.2465, 4.6491
15.080, 0.2460, 4.8078
15.090, 0.2455, 4.8087
15.100, 0.2450, 4.7360
15.110, 0.2445, 4.8531
15.120, 0.2440, 4.7823
15.130, 0.2435, 4.6842
15.140, 0.2430, 4.7881
15.150, 0.2425, 4.7153
15.160, 0.2420, 4.7375
15.170, 0.2415, 4.5385
15.180, 0.2410, 4.7595
15.190, 0.2405, 4.6854
15.200, 0.2400, 4.6808
15.210, 0.2395, 4.7291
15.220, 0.2390, 4.6076
15.230, 0.2385, 4.6545
15.240, 0.2380, 4.6867
15.250, 0.2375, 4.6775
15.260, 0.2370, 4.6370
15.270, 0.2365, 4.5214
15.280, 0.2360, 4.5892
15.290, 0.2355, 4.5316
15.300, 0.2350, 4.5245
15.310, 0.2345, 4.5383
15.320, 0.2340, 4.4946
15.330, 0.2335, 4.5514
15.340, 0.2330, 4.5494
15.350, 0.2325, 4.5780
15.360, 0.2320, 4.4428
15.370, 0.2315, 4.5141
15.380, 0.2310, 4.4140
15.390, 0.2305, 4.4290
15.400, 0.2300, 4.4886
15.410, 0.2295, 4.4242
15.420, 0.2290, 4.3725
15.430, 0.2285, 4.4368
15.440, 0.2280, 4.5130
15.450, 0.2275, 4.3841
15.460, 0.2270, 4.3397
15.470, 0.2265, 4.4079
15.480, 0.2260, 4.4132
15.490, 0.2255, 4.3745
15.500, 0.2250, 4.3717
15.510, 0.2245, 4.3290
15.520, 0.2240, 4.3074
15.530, 0.2235, 4.2764
15.540, 0.2230, 4.3525
15.550, 0.2225, 4.4330
15.560, 0.2220, 4.3805
15.570, 0.2215, 4.2722
15.580, 0.2210, 4.2374
15.590, 0.2205, 4.2469
15.600, 0.2200, 4.2450
15.610, 0.2195, 4.3171
15.620, 0.2190, 4.2243
15.630, 0.2185, 4.3048
15.640, 0.2180, 4.2485
15.650, 0.2175, 4.1901
15.660, 0.2170, 4.2164
15.670, 0.2165, 4.2957
15.680, 0.2160, 4.2460
15.690, 0.2155, 4.1904
15.700, 0.2150, 4.2762
15.710, 0.2145, 4.0990
15.720, 0.2140, 4.1988
15.730, 0.2135, 4.1062
15.740, 0.2130, 4.0614
15.750, 0.2125, 4.0609
15.760, 0.2120, 4.0338
15.770, 0.2115, 4.1070
15.780, 0.2110, 4.0712
15.790, 0.2105, 4.1723
15.800, 0.2100, 4.0769
15.810, 0.2095, 4.0222
15.820, 0.2090, 4.0497
15.830, 0.2085, 3.9656
15.840, 0.2080, 4.0359
15.850, 0.2075, 4.0736
15.860, 0.2070, 4.0449
15.870, 0.2065, 4.0532
15.880, 0.2060, 4.0223
15.890, 0.2055, 3.9772
15.900, 0.2050, 3.8357
15.910, 0.2045, 4.0044
15.920, 0.2040, 3.9610
15.930, 0.2035, 3.9629
15.940, 0.2030, 3.9430
15.950, 0.2025, 3.9327
15.960, 0.2020, 3.7323
15.970, 0.2015, 3.8710
15.980, 0.2010, 3.9279
15.990, 0.2005, 3.9995
16.000, 0.2000, 3.9130
16.010, 0.1995, 3.8476
16.020, 0.1990, 3.7668
16.030, 0.1985, 3.7680
16.040, 0.1980, 3.7956
16.050, 0.1975, 3.7544
16.060, 0.1970, 3.8041
16.070, 0.1965, 3.7868
16.080, 0.1960, 3.6891
16.090, 0.1955, 3.7840
16.100, 0.1950, 3.7604
16.110, 0.1945, 3.7367
16.120, 0.1940, 3.6868
16.130, 0.1935, 3.7299
16.140, 0.1930, 3.6664
16.150, 0.1925, 3.7637
16.160, 0.1920, 3.6868
16.170, 0.1915, 3.6947
16.180, 0.1910, 3.5940
16.190, 0.1905, 3.6517
16.200, 0.1900, 3.6749
16.210, 0.1895, 3.6640
16.220, 0.1890, 3.6599
16.230, 0.1885, 3.5962
16.240, 0.1880, 3.5907
16.250, 0.1875, 3.6301
16.260, 0.1870, 3.5170
16.270, 0.1865, 3.5861
16.280, 0.1860, 3.5005
16.290, 0.1855, 3.5065
16.300, 0.1850, 3.5581
16.310, 0.1845, 3.5715
16.320, 0.1840, 3.5371
16.330, 0.1835, 3.5713
16.340, 0.1830, 3.5558
16.350, 0.1825, 3.4482
16.360, 0.1820, 3.6415
16.370, 0.1815, 3.6011
16.380, 0.1810, 3.5076
16.390, 0.1805, 3.4237
16.400, 0.1800, 3.5419
16.410, 0.1795, 3.4381
16.420, 0.1790, 3.5338
16.430, 0.1785, 3.5060
16.440, 0.1780, 3.5072
16.450, 0.1775, 3.3418
16.460, 0.1770, 3.4560
16.470, 0.1765, 3.3612
16.480, 0.1760, 3.3222
16.490, 0.1755, 3.4073
16.500, 0.1750, 3.3518
16.510, 0.1745, 3.3726
16.520, 0.1740, 3.2953
16.530, 0.1735, 3.2870
16.540, 0.1730, 3.3800
16.550, 0.1725, 3.2823
16.560, 0.1720, 3.3062
16.570, 0.1715, 3.2869
16.580, 0.1710, 3.2444
16.590, 0.1705, 3.2445
16.600, 0.1700, 3.2074
16.610, 0.1695, 3.3064
16.620, 0.1690, 3.2374
16.630, 0.1685, 3.3793
16.640, 0.1680, 3.3007
16.650, 0.1675, 3.2527
16.660, 0.1670, 3.2523
16.670, 0.1665, 3.1647
16.680, 0.1660, 3.1263
16.690, 0.1655, 3.1656
16.700, 0.1650, 3.1954
16.710, 0.1645, 2.9957
16.720, 0.1640, 3.2584
16.730, 0.1635, 3.2284
16.740, 0.1630, 3.2193
16.750, 0.1625, 3.2175
16.760, 0.1620, 3.1456
16.770, 0.1615, 3.1638
16.780, 0.1610, 3.0870
16.790, 0.1605, 3.0718
16.800, 0.1600, 3.0646
16.810, 0.1595, 3.0192
16.820, 0.1590, 3.0584
16.830, 0.1585, 3.0003
16.840, 0.1580, 3.0790
16.850, 0.1575, 3.0231
16.860, 0.1570, 3.1273
16.870, 0.1565, 3.0288
16.880, 0.1560, 2.9730
16.890, 0.1555, 2.9811
16.900, 0.1550, 2.9302
16.910, 0.1545, 3.0285
16.920, 0.1540, 3.0311
16.930, 0.1535, 2.8958
16.940, 0.1530, 2.9737
16.950, 0.1525, 2.9359
16.960, 0.1520, 2.9966
16.970, 0.1515, 2.9337
16.980, 0.1510, 2.9434
16.990, 0.1505, 2.8122
17.000, 0.1500, 2.8682
17.010, 0.1495, 2.8848
17.020, 0.1490, 2.8203
17.030, 0.1485, 2.6859
17.040, 0.1480, 2.8212
17.050, 0.1475, 2.8327
17.060, 0.1470, 2.7058
17.070, 0.1465, 2.7437
17.080, 0.1460, 2.7642
17.090, 0.1455, 2.7852
17.100, 0.1450, 2.8125
17.110, 0.1445, 2.8248
17.120, 0.1440, 2.6132
17.130, 0.1435, 2.7751
17.140, 0.1430, 2.7184
17.150, 0.1425, 2.6606
17.160, 0.1420, 2.6997
17.170, 0.1415, 2.7701
17.180, 0.1410, 2.6504
17.190, 0.1405, 2.7032
17.200, 0.1400, 2.6933
17.210, 0.1395, 2.6311
17.220, 0.1390, 2.6869
17.230, 0.1385, 2.6796
17.240, 0.1380, 2.6237
17.250, 0.1375, 2.6434
17.260, 0.1370, 2.7319
17.270, 0.1365, 2.5860
17.280, 0.1360, 2.5655
17.290, 0.1355, 2.5644
17.300, 0.1350, 2.6297
17.310, 0.1345, 2.5273
17.320, 0.1340, 2.6371
17.330, 0.1335, 2.4553
17.340, 0.1330, 2.5717
17.350, 0.1325, 2.4354
17.360, 0.1320, 2.4947
17.370, 0.1315, 2.4869
17.380, 0.1310, 2.4695
17.390, 0.1305, 2.4348
17.400, 0.1300, 2.4570
17.410, 0.1295, 2.4709
17.420, 0.1290, 2.5609
17.430, 0.1285, 2.3701
17.440, 0.1280, 2.4478
17.450, 0.1275, 2.4182
17.460, 0.1270, 2.4372
17.470, 0.1265, 2.4180
17.480, 0.1260, 2.3778
17.490, 0.1255, 2.4028
17.500, 0.1250, 2.3510
17.510, 0.1245, 2.4321
17.520, 0.1240, 2.2294
17.530, 0.1235, 2.3004
17.540, 0.1230, 2.3468
17.550, 0.1225, 2.3220
17.560, 0.1220, 2.3644
17.570, 0.1215, 2.3601
17.580, 0.1210, 2.3208
17.590, 0.1205, 2.2192
17.600, 0.1200, 2.3684
17.610, 0.1195, 2.1638
17.620, 0.1190, 2.2891
17.630, 0.1185, 2.2544
17.640, 0.1180, 2.3369
17.650, 0.1175, 2.2013
17.660, 0.1170, 2.2097
17.670, 0.1165, 2.1637
17.680, 0.1160, 2.1801
17.690, 0.1155, 2.1523
17.700, 0.1150, 2.0985
17.710, 0.1145, 2.1244
17.720, 0.1140, 2.0832
17.730, 0.1135, 2.2152
17.740, 0.1130, 2.2198
17.750, 0.1125, 2.1647
17.760, 0.1120, 2.1758
17.770, 0.1115, 2.1124
17.780, 0.1110, 2.1465
17.790, 0.1105, 2.0179
17.800, 0.1100, 2.0368
17.810, 0.1095, 2.1073
17.820, 0.1090, 2.0619
17.830, 0.1085, 2.1648
17.840, 0.1080, 2.1143
17.850, 0.1075, 2.0382
17.860, 0.1070, 1.9951
17.870, 0.1065, 2.0192
17.880, 0.1060, 1.9940
17.890, 0.1055, 2.0780
17.900, 0.1050, 1.9665
17.910, 0.1045, 2.0092
17.920, 0.1040, 1.9611
17.930, 0.1035, 1.9409
17.940, 0.1030, 1.8335
17.950, 0.1025, 1.9480
17.960, 0.1020, 1.9463
17.970, 0.1015, 1.9150
17.980, 0.1010, 1.8660
17.990, 0.1005, 1.8315
18.000, 0.1000, 1.9361
18.010, 0.0995, 1.8771
18.020, 0.0990, 1.9632
18.030, 0.0985, 1.9326
18.040, 0.0980, 1.8009
18.050, 0.0975, 1.7350
18.060, 0.0970, 1.8103
18.070, 0.0965, 1.8242
18.080, 0.0960, 1.7462
18.090, 0.0955, 1.7831
18.100, 0.0950, 1.7987
18.110, 0.0945, 1.7400
18.120, 0.0940, 1.7297
18.130, 0.0935, 1.7219
18.140, 0.0930, 1.8030
18.150, 0.0925, 1.7101
18.160, 0.0920, 1.6848
18.170, 0.0915, 1.6743
18.180, 0.0910, 1.6900
18.190, 0.0905, 1.7299
18.200, 0.0900, 1.6690
18.210, 0.0895, 1.6077
18.220, 0.0890, 1.6124
18.230, 0.0885, 1.6463
18.240, 0.0880, 1.5876
18.250, 0.0875, 1.6881
18.260, 0.0870, 1.6713
18.270, 0.0865, 1.5183
18.280, 0.0860, 1.6471
18.290, 0.0855, 1.5476
18.300, 0.0850, 1.4976
18.310, 0.0845, 1.5065
18.320, 0.0840, 1.6590
18.330, 0.0835, 1.5872
18.340, 0.0830, 1.5304
18.350, 0.0825, 1.4509
18.360, 0.0820, 1.5292
18.370, 0.0815, 1.4440
18.380, 0.0810, 1.5224
18.390, 0.0805, 1.5301
18.400, 0.0800, 1.5042
18.410, 0.0795, 1.5460
18.420, 0.0790, 1.3116
18.430, 0.0785, 1.4982
18.440, 0.0780, 1.4487
18.450, 0.0775, 1.4337
18.460, 0.0770, 1.4043
18.470, 0.0765, 1.2569
18.480, 0.0760, 1.4741
18.490, 0.0755, 1.4246
18.500, 0.0750, 1.3666
18.510, 0.0745, 1.3021
18.520, 0.0740, 1.4717
18.530, 0.0735, 1.2480
18.540, 0.0730, 1.4409
18.550, 0.0725, 1.2256
18.560, 0.0720, 1.3596
18.570, 0.0715, 1.3014
18.580, 0.0710, 1.1646
18.590, 0.0705, 1.1765
18.600, 0.0700, 1.2493
18.610, 0.0695, 1.1611
18.620, 0.0690, 1.2494
18.630, 0.0685, 1.1231
18.640, 0.0680, 1.2951
18.650, 0.0675, 1.2551
18.660, 0.0670, 1.3024
18.670, 0.0665, 1.1452
18.680, 0.0660, 1.1735
18.690, 0.0655, 1.2164
18.700, 0.0650, 1.1024
18.710, 0.0645, 1.1980
18.720, 0.0640, 1.2413
18.730, 0.0635, 1.2358
18.740, 0.0630, 1.0849
18.750, 0.0625, 1.1982
18.760, 0.0620, 1.1608
18.770, 0.0615, 1.0983
18.780, 0.0610, 1.1441
18.790, 0.0605, 1.0263
18.800, 0.0600, 1.0647
18.810, 0.0595, 1.1793
18.820, 0.0590, 1.0697
18.830, 0.0585, 1.0612
18.840, 0.0580, 1.0533
18.850, 0.0575, 1.0771
18.860, 0.0570, 0.9158
18.870, 0.0565, 1.0668
18.880, 0.0560, 1.0272
18.890, 0.0555, 0.9993
18.900, 0.0550, 1.0687
18.910, 0.0545, 1.0513
18.920, 0.0540, 0.9808
18.930, 0.0535, 1.0069
18.940, 0.0530, 0.8725
18.950, 0.0525, 0.9152
18.960, 0.0520, 0.9844
18.970, 0.0515, 0.9867
18.980, 0.0510, 0.8824
18.990, 0.0505, 1.0109
19.000, 0.0500, 0.9103
19.010, 0.0495, 0.8912
19.020, 0.0490, 0.9455
19.030, 0.0485, 0.9916
19.040, 0.0480, 0.8623
19.050, 0.0475, 0.7613
19.060, 0.0470, 0.8292
19.070, 0.0465, 0.8556
19.080, 0.0460, 0.8343
19.090, 0.0455, 0.8066
19.100, 0.0450, 0.7935
19.110, 0.0445, 0.8537
19.120, 0.0440, 0.6747
19.130, 0.0435, 0.7367
19.140, 0.0430, 0.7613
19.150, 0.0425, 0.7503
19.160, 0.0420, 0.7542
19.170, 0.0415, 0.7549
19.180, 0.0410, 0.6824
19.190, 0.0405, 0.6483
19.200, 0.0400, 0.7228
19.210, 0.0395, 0.5504
19.220, 0.0390, 0.6353
19.230, 0.0385, 0.7460
19.240, 0.0380, 0.7817
19.250, 0.0375, 0.6651
19.260, 0.0370, 0.5810
19.270, 0.0365, 0.5906
19.280, 0.0360, 0.5590
19.290, 0.0355, 0.6107
19.300, 0.0350, 0.5289
19.310, 0.0345, 0.6037
19.320, 0.0340, 0.5868
19.330, 0.0335, 0.5153
19.340, 0.0330, 0.5288
19.350, 0.0325, 0.5961
19.360, 0.0320, 0.5835
19.370, 0.0315, 0.3826
19.380, 0.0310, 0.5482
19.390, 0.0305, 0.5615
19.400, 0.0300, 0.5284
19.410, 0.0295, 0.3422
19.420, 0.0290, 0.5122
19.430, 0.0285, 0.4748
19.440, 0.0280, 0.3704
19.450, 0.0275, 0.4587
19.460, 0.0270, 0.5250
19.470, 0.0265, 0.2658
19.480, 0.0260, 0.3368
19.490, 0.0255, 0.3177
19.500, 0.0250, 0.4086
19.510, 0.0245, 0.4285
19.520, 0.0240, 0.4163
19.530, 0.0235, 0.2980
19.540, 0.0230, 0.2821
19.550, 0.0225, 0.4189
19.560, 0.0220, 0.2639
19.570, 0.0215, 0.2773
19.580, 0.0210, 0.1241
19.590, 0.0205, 0.3238
19.600, 0.0200, 0.2847
19.610, 0.0195, 0.2703
19.620, 0.0190, 0.2086
19.630, 0.0185, 0.2304
19.640, 0.0180, 0.3652
19.650, 0.0175, 0.1488
19.660, 0.0170, 0.2632
19.670, 0.0165, 0.1535
19.680, 0.0160, 0.1156
19.690, 0.0155, 0.1465
19.700, 0.0150, 0.1751
19.710, 0.0145, 0.2691
19.720, 0.0140, 0.2370
19.730, 0.0135, 0.1709
19.740, 0.0130, 0.0293
19.750, 0.0125, 0.1982
19.760, 0.0120, 0.0998
19.770, 0.0115, -0.0461
19.780, 0.0110, 0.1259
19.790, 0.0105, 0.1101
19.800, 0.0100, 0.0012
19.810, 0.0095, 0.0454
19.820, 0.0090, 0.0650
19.830, 0.0085, -0.0749
19.840, 0.0080, -0.0000
19.850, 0.0075, -0.0780
19.860, 0.0070, -0.0572
19.870, 0.0065, -0.0335
19.880, 0.0060, -0.0312
19.890, 0.0055, 0.0076
19.900, 0.0050, -0.0816
19.910, 0.0045, -0.1362
19.920, 0.0040, -0.1243
19.930, 0.0035, -0.1006
19.940, 0.0030, -0.2279
19.950, 0.0025, -0.1200
19.960, 0.0020, -0.2798
19.970, 0.0015, -0.2175
19.980, 0.0010, -0.3006
19.990, 0.0005, -0.2959
20.000, 0.0000, -0.2219
